0: 2014 01 20
1: 2014 01 20
2: 2014 01 20
3: 2014 01 20
4: 2014 01 20
5: 2014 01 20
6: 2014 01 20
7: 2012 06 20
8: 2014 01 20
9: 2009 06 22
10: 2014 01 20
11: 2011 06 20
12: 2014 01 20
13: 2014 01 21
14: 2014 01 20
15: 2014 01 20
16: 2012 09 7
17: 1998 05 15
18: 1998 01 18
19: 2014 01 20
20: 2014 01 19
21: 1996 03 13
22: 2014 01 20
23: 2014 01 20
24: 2014 01 20
25: 2014 01 20
26: 2014 01 20
27: 2012 08 22
28: 2014 03 26
29: 2014 01 20
30: 2014 01 21
31: 2014 01 20
32: 2014 01 20
33: 1998 03 19
34: 2014 01 20
35: 2009 06 19
36: 2014 01 20
37: 2014 01 20
38: 2013 06 30
39: 2013 12 16
40: 1994 09 23
41: 2014 01 20
42: 2014 01 20
43: 2014 01 20
44: 2014 01 20
45: 2014 01 20
46: 2014 01 20
47: 2014 01 21
48: 2014 01 20
49: 2012 11 12
50: 2014 01 21
51: 1995 03 30
52: 2014 01 20
53: 2014 01 20
54: 2014 01 20
55: 2014 01 19
56: 2014 01 19
57: 2013 06 20
58: 2014 01 20
59: 2001 03 22
60: 2014 01 20
61: 2014 01 20
62: 2014 01 20
63: 2014 01 21
64: 2014 01 20
65: 2014 01 20
66: 2014 01 19
67: 2013 02 22
68: 2014 01 21
69: 2014 01 19
70: 2011 06 20
71: 2014 01 20
72: 2014 01 21
73: 2009 02 18
74: 2014 01 20
75: 2014 01 20
76: 2014 01 20
77: 2014 01 20
78: 2014 01 20
79: 2014 01 19
80: 2014 01 20
81: 2014 01 21
82: 2013 12 15
83: 2009 06 20
84: 2014 01 20
85: 2009 05 15
86: 2014 01 20
87: 2014 01 20
88: 2014 03 26
89: 2014 01 20
90: 2014 01 20
91: 2014 01 20
92: 2013 12 17
93: 2014 01 20
94: 2014 01 20
95: 2014 01 21
96: 2014 01 21
97: 2005 04 05
98: 2011 06 20
99: 2014 01 20
100: 2010 10 2
101: 2014 03 26
102: 2012 02 20
103: 2014 01 19
104: 2014 01 21
105: 2001 03 17
106: 2014 01 21
107: 2014 01 20
108: 2000 05 31
109: 2014 01 19
110: 2014 01 21
111: 2014 01 20
112: 2012 03 8
113: 2012 02 5
114: 2001 08 30
115: 2014 01 21
116: 2014 01 21
117: 2000 01 15
118: 2014 03 26
119: 2014 01 20
120: 2014 01 20
121: 2012 06 20
122: 2014 01 20
123: 2013 10 21
124: 2014 01 20
125: 2013 06 20
126: 2014 01 20
127: 2014 01 20
128: 1998 08 19
129: 2009 03 12
130: 2002 05 25
131: 2014 01 20
132: 2014 01 20
133: 1997 10 15
134: 1998 11 13
135: 2001 06 14
136: 2014 01 20
137: 2014 01 20
138: 2014 01 21
139: 2014 01 20
140: 2014 01 20
141: 2014 01 20
142: 2014 01 20
143: 2014 01 20
144: 2014 01 20
145: 2014 01 20
146: 2014 01 20
147: 2014 01 20
148: 2014 01 20
149: 2014 01 21
150: 1982 10 4
151: 2014 01 20
152: 2014 01 20
153: 2014 01 19
154: 2014 01 20
155: 2014 01 20
156: 2012 04 9
157: 2014 01 20
158: 2014 01 20
159: 2012 06 20
160: 2014 01 20
161: 2014 01 20
162: 2014 01 20
163: 2014 01 20
164: 2014 01 21
165: 2014 01 20
166: 2012 03 7
167: 2014 01 20
168: 2014 01 20
169: 2014 01 20
170: 2014 01 20
171: 2014 01 20
172: 2014 01 21
173: 2014 01 20
174: 2009 03 12
175: 1998 11 14
176: 2014 01 20
177: 2014 01 20
178: 2014 01 21
179: 2014 01 20
180: 2014 01 20
181: 2014 01 20
182: 2014 01 20
183: 2014 01 21
184: 2014 01 20
185: 1995 11 21
186: 2014 01 20
187: 2014 01 20
188: 2014 01 20
189: 2014 01 20
190: 2014 01 20
191: 2014 01 20
192: 2014 01 20
193: 2014 01 20
194: 2014 01 20
195: 2014 01 19
196: 2009 03 12
197: 2014 01 20
198: 2005 09 24
199: 2014 01 20
200: 2014 01 20
201: 1999 11 14
202: 2014 01 20
203: 2014 01 20
204: 2014 01 20
205: 2009 06 21
206: 2014 01 20
207: 2014 01 21
208: 2014 01 20
209: 2014 01 20
210: 2014 01 21
211: 2014 01 20
212: 1999 07 7
213: 2014 01 20
214: 2014 01 20
215: 1996 07 7
216: 2010 06 20
217: 2000 10 2
218: 2014 01 21
219: 2014 01 20
220: 2014 01 20
221: 2014 01 20
222: 2014 01 20
223: 1999 07 3
224: 2014 01 20
225: 2014 01 20
226: 2014 01 20
227: 1995 10 10
228: 2000 08 15
229: 1998 04 25
230: 2013 11 12
231: 2014 01 20
232: 2010 06 20
233: 2014 01 20
234: 2014 01 20
235: 2009 02 22
236: 2014 01 20
237: 1999 02 18
238: 2014 01 20
239: 2014 01 20
240: 2014 01 20
241: 2014 01 20
242: 2014 01 20
243: 1995 10 10
244: 2014 01 20
245: 2014 01 20
246: 2014 01 20
247: 2014 03 26
248: 2014 01 21
249: 2014 01 20
250: 2014 01 20
251: 2014 01 20
252: 2012 06 21
253: 2011 07 27
254: 2007 03 18
255: 2014 01 20
256: 2014 01 20
257: 2014 01 21
258: 2014 01 20
259: 2014 01 20
260: 2013 12 16
261: 2014 01 20
262: 2014 01 20
263: 2009 08 12
264: 2014 01 20
265: 2014 01 20
266: 2014 01 20
267: 2011 05 14
268: 2014 01 21
269: 2014 01 20
270: 2014 01 21
271: 2014 01 20
272: 2003 05 17
273: 2014 01 19
274: 2014 01 20
275: 2014 01 20
276: 2014 01 20
277: 2014 01 21
278: 2014 01 21
279: 2014 01 20
280: 2014 01 19
281: 2014 01 20
282: 2014 01 20
283: 1992 12 11
284: 2014 01 20
285: 2014 01 19
286: 2014 01 20
287: 2014 01 19
288: 1998 11 15
289: 2009 06 20
290: 2014 01 21
291: 2014 01 20
292: 1998 05 15
293: 1998 11 9
294: 2014 01 20
295: 2014 01 20
296: 2014 01 20
297: 1982 10 2
298: 2014 01 20
299: 2014 01 20
300: 1993 01 18
301: 2013 02 7
302: 2014 01 20
303: 2014 01 21
304: 2014 01 20
305: 2014 03 26
306: 2001 08 31
307: 2014 01 20
308: 2000 08 16
309: 2014 01 20
310: 1993 03 12
311: 2014 01 20
312: 2014 01 20
313: 2014 01 20
314: 2014 01 21
315: 2014 01 20
316: 2014 01 20
317: 2014 01 20
318:  02 2
319: 2014 01 20
320: 2007 03 20
321: 2014 01 20
322: 2014 03 26
323: 2014 01 21
324: 2014 01 20
325: 2014 01 21
326: 2011 11 22
327: 2014 01 20
328: 2014 01 20
329: 2014 01 19
330: 2011 07 27
331: 2014 01 21
332: 2014 01 20
333: 2014 01 19
334: 2014 01 20
335: 2014 01 20
336: 2014 01 19
337: 2014 01 20
338: 2014 01 20
339: 2014 01 20
340: 2014 01 20
341: 2014 01 20
342: 2014 01 20
343: 2014 01 21
344: 2014 01 20
345: 1993 09 19
346: 2004 05 29
347: 2014 01 21
348: 2009 03 7
349: 2014 01 20
350: 2014 01 20
351: 1994 02 17
352: 1984 05 3
353: 2014 01 21
354: 2007 04 10
355: 2014 01 20
356: 2014 01 20
357: 2014 01 20
358: 2014 01 19
359: 2010 06 19
360: 2014 01 20
361: 2014 01 20
362: 2005 04 6
363: 1997 04 23
364: 2014 01 20
365: 2014 01 21
366: 2014 01 20
367: 2014 01 21
368: 2014 01 20
369: 2014 01 20
370: 2014 01 20
371: 2014 01 20
372: 2009 02 19
373: 2013 09 2
374: 2014 01 20
375: 2014 01 20
376: 2014 01 20
377: 2014 01 20
378: 2009 03 12
379: 2014 01 21
380: 2014 01 21
381: 2014 01 20
382: 2014 01 20
383: 2014 01 20
384: 2014 01 20
385: 2014 01 20
386: 2014 01 20
387: 2014 01 20
388: 2014 01 20
389: 2014 01 20
390: 2014 01 20
